1.0000
2.0000
3.0000
4.0000
5.0000
6.0000
7.0000
8.0000
9.0000
10.0000
11.0000
12.0000
13.0000
14.0000
15.0000
16.0000
17.0000
0.000000
0.000000
0.000000
0.000000
0.000000
0.000000
0.000000
0.000000
0.000000
0.000000
0.000000
0.000000
0.000000
0.000000
0.000000
0.000000
0.000000
0.000000
0.000000
0.000000
0.000000
0.000000
0.000000
0.000000
0.000000
0.000000
0.000000
0.000000
0.000000
0.000000
0.000000
0.000000
0.000000
0.000000
0.000000
0.000000
0.000000
0.000000
0.000000
0.000000
0.000000
0.000000
0.000000
0.000000
0.000000
0.000000
0.000000
0.000000
0.000000
0.000000
0.000000
0.000000
0.000000
0.000000
0.000000
0.000000
0.000000
0.000000
0.000000
0.000000
0.000000
0.000000
0.000000
0.000000
0.000000
0.000000
0.000000
0.000000
0.000000
0.000000
0.000000
0.000000
0.000000
0.000000
0.000000
0.000000
0.000000
0.000000
0.000000
0.000000
0.000000
0.000000
0.000000
0.000000
0.000000
0.000000
0.000000
0.000000
0.000000
0.000000
0.000000
0.000000
0.000000
0.000000
0.000000
0.000000
0.000000
0.000000
0.000000
0.000000
0.000000
0.000000
0.000000
0.000000
0.000000
0.000000
0.000000
0.000000
0.000000
0.000000
0.000000
0.000000
0.000000
0.000000
0.000000
0.000000
0.000000
0.000000
0.000000
0.000000
0.000000
0.000000
0.000000
0.000000
0.000000
0.000000
0.000000
0.000000
0.000000
0.000000
0.000000
0.000000
0.000000
0.000000
0.000000
0.000000
0.000000
0.000000
0.000000
0.000000
0.000000
0.000000
0.000000
0.000000
0.000000
0.000000
0.000000
0.000000
4.400000
12.724138
14.364641
8.706438
5.017394
5.442299
13.252297
-1.170479
1.951516
-17.175692
13.272800
12.101899
8.978891
1.561550
1.951940
0.000000
4.400000
12.724138
14.364641
8.706438
5.017394
5.442299
13.252297
-1.170479
1.951516
-17.175692
13.272800
12.101899
8.978891
1.561550
1.951940
0.000000
4.400000
12.724138
14.364641
8.706438
5.017394
5.442299
13.252297
-1.170479
1.951516
-17.175692
13.272800
12.101899
8.978891
1.561550
1.951940
0.000000
4.400000
12.724138
14.364641
8.706438
5.017394
5.442299
13.252297
-1.170479
1.951516
-17.175692
13.272800
12.101899
8.978891
1.561550
1.951940
0.000000
4.400000
12.724138
14.364641
8.706438
5.017394
5.442299
13.252297
-1.170479
1.951516
-17.175692
13.272800
12.101899
8.978891
1.561550
1.951940
0.000000
4.400000
12.724138
14.364641
8.706438
5.017394
5.442299
13.252297
-1.170479
1.951516
-17.175692
13.272800
12.101899
8.978891
1.561550
1.951940
0.000000
4.400000
12.724138
14.364641
8.706438
5.017394
5.442299
13.252297
-1.170479
1.951516
-17.175692
13.272800
12.101899
8.978891
1.561550
1.951940
0.000000
4.400000
12.724138
14.364641
8.706438
5.017394
5.442299
13.252297
-1.170479
1.951516
-17.175692
13.272800
12.101899
8.978891
1.561550
1.951940
0.000000
4.400000
12.724138
14.364641
8.706438
5.017394
5.442299
13.252297
-1.170479
1.951516
-17.175692
13.272800
12.101899
8.978891
1.561550
1.951940
0.000000
4.400000
12.724138
14.364641
8.706438
5.017394
5.442299
13.252297
-1.170479
1.951516
-17.175692
13.272800
12.101899
8.978891
1.561550
1.951940
