10.3675
16.4834
27.9476
33.3573
28.7742
21.8284
18.3872
25.2462
12.8397
9.39657
-14.0543
7.05016
17.5684
19.9538
12.9473
9.45701
19.3574
15.4674
18.3364
28.2897
33.4326
28.8508
21.8895
18.4246
25.265
12.8516
9.40337
-14.0502
7.05237
17.5696
19.9545
12.9477
9.45723
19.3575
15.4675
18.3364
28.2898
33.4326
28.8509
21.8895
18.4246
25.265
12.8516
9.40337
-14.0502
7.05237
17.5696
19.9545
12.9477
9.45723
19.3575
15.4675
18.3364
28.2898
33.4326
28.8509
21.8895
18.4246
25.265
12.8516
9.40337
-14.0502
7.05237
17.5696
19.9545
12.9477
9.45723
19.3575
