0
11
29
35.7692
27.8824
18.6854
15.7897
27.0443
8.47589
6.32767
-24.7765
11.5494
23.5705
23.2179
11.3406
7.42189
22.612
15.1264
19.3745
32.7398
37.2268
28.4342
18.8953
15.8698
27.0749
8.48759
6.33214
-24.7748
11.55
23.5708
23.218
11.3406
7.4219
22.612
15.1264
19.3745
32.7398
37.2268
28.4342
18.8953
15.8698
27.0749
8.48759
6.33214
-24.7748
11.55
23.5708
23.218
11.3406
7.4219
22.612
15.1264
19.3745
32.7398
37.2268
28.4342
18.8953
15.8698
27.0749
8.48759
6.33214
-24.7748
11.55
23.5708
23.218
11.3406
7.4219
22.612
15.1264
19.3745
32.7398
37.2268
28.4342
18.8953
15.8698
27.0749
8.48759
6.33214
-24.7748
11.55
23.5708
23.218
11.3406
7.4219
22.612
